
0000000000000000000000000000000000000000000000000000000000010000

0000000000000000000000000000000000000000000000000000000000000001

0000000000000000000000000000000000000000000000000000000000000000

0000000000000000000000000000000000000000000000000000000000001111

0000000000000000000000000000000000000000000000000000000000000001

0000000000000000000000000000000000000000000000000000000000000000

0000000000000000000000000000000000000000000000000000000000001110

0000000000000000000000000000000000000000000000000000000000000001

0000000000000000000000000000000000000000000000000000000000000000
